%YAML:1.0
---
names:
   - "2"
   - "3"
   - "4"
   - "5"
   - "6"
   - "7"
R_2: !!opencv-matrix
   rows: 1
   cols: 3
   dt: d
   data: [ 1.7333808154182149e+00, 2.7177228964133848e-01,
       -2.1631450334637528e-01 ]
Rot_2: !!opencv-matrix
   rows: 3
   cols: 3
   dt: d
   data: [ 9.5383667805952432e-01, 3.0023724952507469e-01,
       7.2928448488105424e-03, 6.0251049064595621e-02,
       -1.6751186826246167e-01, -9.8402722781325280e-01,
       -2.9421999027086260e-01, 9.3904066365032224e-01,
       -1.7786857321116567e-01 ]
T_2: !!opencv-matrix
   rows: 3
   cols: 1
   dt: d
   data: [ 1.3811055048575024e-01, 1.3941702782968118e-01,
       5.8653820170920312e+00 ]
R_3: !!opencv-matrix
   rows: 1
   cols: 3
   dt: d
   data: [ 1.4736740743581993e+00, -8.8882041243752741e-01,
       8.7057087706230363e-01 ]
Rot_3: !!opencv-matrix
   rows: 3
   cols: 3
   dt: d
   data: [ 4.3810293001263906e-01, -8.9827966092424538e-01,
       3.4051042335932702e-02, -5.2676777198597702e-02,
       -6.3468951146432584e-02, -9.9659261957147827e-01,
       8.9738006433077733e-01, 4.3481644749272591e-01,
       -7.5124411022619408e-02 ]
T_3: !!opencv-matrix
   rows: 3
   cols: 1
   dt: d
   data: [ -1.3874052527583853e+00, 7.6399863909829924e-01,
       4.6984348420284645e+00 ]
R_4: !!opencv-matrix
   rows: 1
   cols: 3
   dt: d
   data: [ 1.6603566145938948e+00, 1.8537637258763860e-02,
       -2.1331707400305561e-02 ]
Rot_4: !!opencv-matrix
   rows: 3
   cols: 3
   dt: d
   data: [ 9.9968439316017432e-01, 2.4956639468514348e-02,
       -2.8775368656142730e-03, -6.3145006281010128e-04,
       -8.9544346809464534e-02, -9.9598263600591197e-01,
       -2.5114046722751686e-02, 9.9567011409447514e-01,
       -8.9500327129583807e-02 ]
T_4: !!opencv-matrix
   rows: 3
   cols: 1
   dt: d
   data: [ 1.3679577131483103e-01, 1.1144728784771230e+00,
       5.6465340952539806e+00 ]
R_5: !!opencv-matrix
   rows: 1
   cols: 3
   dt: d
   data: [ 1.6552217166052277e+00, 6.0690181586997738e-01,
       -5.1401672900687689e-01 ]
Rot_5: !!opencv-matrix
   rows: 3
   cols: 3
   dt: d
   data: [ 7.6319738868670339e-01, 6.4616530192841859e-01,
       3.8533823269892853e-04, 1.0597876378134996e-01,
       -1.2458509720461280e-01, -9.8653284546531672e-01,
       -6.3741528655122071e-01, 7.5296012918233146e-01,
       -1.6356282075261602e-01 ]
T_5: !!opencv-matrix
   rows: 3
   cols: 1
   dt: d
   data: [ -3.4397380559569551e-01, 7.5676273529138904e-01,
       4.8762853066600416e+00 ]
R_6: !!opencv-matrix
   rows: 1
   cols: 3
   dt: d
   data: [ 1.6694427179411633e+00, -5.6936293224490475e-01,
       5.0362745618844018e-01 ]
Rot_6: !!opencv-matrix
   rows: 3
   cols: 3
   dt: d
   data: [ 7.8354327791043132e-01, -6.2114893413929084e-01,
       1.5294876887368969e-02, -9.1003807742383147e-02,
       -1.3907705667198839e-01, -9.8609121245645626e-01,
       6.1463667204110450e-01, 7.7125324889110169e-01,
       -1.6549981104870279e-01 ]
T_6: !!opencv-matrix
   rows: 3
   cols: 1
   dt: d
   data: [ -1.2838589381473835e+00, 7.1226781839456410e-01,
       5.6137288017799953e+00 ]
R_7: !!opencv-matrix
   rows: 1
   cols: 3
   dt: d
   data: [ 1.6835310867709188e+00, 4.4791788220863210e-01,
       -3.8127836420569156e-01 ]
Rot_7: !!opencv-matrix
   rows: 3
   cols: 3
   dt: d
   data: [ 8.6825374286088564e-01, 4.9611915364528403e-01,
       1.1060715847296121e-03, 7.8139012896923571e-02,
       -1.3454809947902480e-01, -9.8782139255539370e-01,
       -4.8992829339767463e-01, 8.5776604870609663e-01,
       -1.5558815191258168e-01 ]
T_7: !!opencv-matrix
   rows: 3
   cols: 1
   dt: d
   data: [ 2.1167754039739645e-01, 7.1041070457408628e-01,
       5.2895178707202257e+00 ]
