%YAML:1.0
---
names:
   - "2"
   - "3"
   - "4"
   - "5"
   - "6"
   - "7"
K_2: !!opencv-matrix
   rows: 3
   cols: 3
   dt: d
   data: [ 1.2705470221290213e+03, 0., 960., 0., 1.2918693479263814e+03,
       540., 0., 0., 1. ]
dist_2: !!opencv-matrix
   rows: 1
   cols: 5
   dt: d
   data: [ 0., 0., 0., 0., 0. ]
K_3: !!opencv-matrix
   rows: 3
   cols: 3
   dt: d
   data: [ 1.2803090021884900e+03, 0., 960., 0., 1.3033885156746885e+03,
       540., 0., 0., 1. ]
dist_3: !!opencv-matrix
   rows: 1
   cols: 5
   dt: d
   data: [ 0., 0., 0., 0., 0. ]
K_4: !!opencv-matrix
   rows: 3
   cols: 3
   dt: d
   data: [ 1.2817085493517029e+03, 0., 960., 0., 1.3011983615851818e+03,
       540., 0., 0., 1. ]
dist_4: !!opencv-matrix
   rows: 1
   cols: 5
   dt: d
   data: [ 0., 0., 0., 0., 0. ]
K_5: !!opencv-matrix
   rows: 3
   cols: 3
   dt: d
   data: [ 1.2622750126677461e+03, 0., 960., 0., 1.2925760489920781e+03,
       540., 0., 0., 1. ]
dist_5: !!opencv-matrix
   rows: 1
   cols: 5
   dt: d
   data: [ 0., 0., 0., 0., 0. ]
K_6: !!opencv-matrix
   rows: 3
   cols: 3
   dt: d
   data: [ 1.2778551930282390e+03, 0., 960., 0., 1.2989748049803748e+03,
       540., 0., 0., 1. ]
dist_6: !!opencv-matrix
   rows: 1
   cols: 5
   dt: d
   data: [ 0., 0., 0., 0., 0. ]
K_7: !!opencv-matrix
   rows: 3
   cols: 3
   dt: d
   data: [ 1.2880086393186768e+03, 0., 960., 0., 1.3143415665182222e+03,
       540., 0., 0., 1. ]
dist_7: !!opencv-matrix
   rows: 1
   cols: 5
   dt: d
   data: [ 0., 0., 0., 0., 0. ]
